lambda/nm eps_re eps_im
206.64	-3.152	2.936
206.99	-3.162	2.949
207.33	-3.172	2.961
207.68	-3.182	2.974
208.03	-3.192	2.986
208.38	-3.202	2.998
208.73	-3.212	3.01
209.08	-3.222	3.022
209.43	-3.232	3.033
209.79	-3.243	3.044
210.14	-3.253	3.055
210.5	-3.264	3.066
210.86	-3.274	3.077
211.22	-3.285	3.088
211.58	-3.296	3.098
211.94	-3.307	3.108
212.3	-3.317	3.118
212.67	-3.329	3.128
213.03	-3.34	3.138
213.4	-3.351	3.147
213.77	-3.363	3.157
214.14	-3.374	3.166
214.51	-3.386	3.175
214.88	-3.398	3.183
215.25	-3.41	3.192
215.62	-3.422	3.2
216	-3.434	3.209
216.38	-3.446	3.217
216.76	-3.459	3.225
217.14	-3.472	3.232
217.52	-3.484	3.24
217.9	-3.497	3.247
218.28	-3.511	3.255
218.67	-3.524	3.262
219.05	-3.537	3.268
219.44	-3.551	3.275
219.83	-3.565	3.282
220.22	-3.579	3.288
220.61	-3.593	3.294
221.01	-3.608	3.3
221.4	-3.622	3.306
221.8	-3.637	3.312
222.19	-3.652	3.317
222.59	-3.667	3.322
222.99	-3.682	3.331
223.39	-3.696	3.339
223.8	-3.711	3.347
224.2	-3.726	3.354
224.61	-3.741	3.361
225.02	-3.757	3.367
225.43	-3.773	3.374
225.84	-3.789	3.38
226.25	-3.805	3.385
226.66	-3.822	3.391
227.08	-3.839	3.396
227.49	-3.856	3.401
227.91	-3.873	3.406
228.33	-3.891	3.411
228.75	-3.909	3.416
229.18	-3.927	3.42
229.6	-3.945	3.425
230.03	-3.964	3.429
230.45	-3.982	3.434
230.88	-4.001	3.438
231.31	-4.02	3.443
231.75	-4.04	3.448
232.18	-4.059	3.452
232.62	-4.079	3.457
233.05	-4.098	3.462
233.49	-4.118	3.466
233.93	-4.139	3.471
234.37	-4.159	3.476
234.82	-4.18	3.482
235.26	-4.2	3.487
235.71	-4.221	3.492
236.16	-4.242	3.498
236.61	-4.264	3.504
237.06	-4.285	3.51
237.52	-4.307	3.516
237.97	-4.328	3.522
238.43	-4.35	3.529
238.89	-4.373	3.536
239.35	-4.395	3.543
239.81	-4.417	3.55
240.28	-4.44	3.557
240.75	-4.463	3.564
241.21	-4.486	3.572
241.68	-4.51	3.58
242.16	-4.533	3.588
242.63	-4.557	3.596
243.11	-4.581	3.604
243.58	-4.605	3.613
244.06	-4.629	3.622
244.54	-4.654	3.63
245.03	-4.679	3.639
245.51	-4.704	3.648
246	-4.73	3.657
246.49	-4.755	3.667
246.98	-4.781	3.676
247.47	-4.808	3.685
247.97	-4.834	3.695
248.47	-4.861	3.704
248.96	-4.888	3.713
249.47	-4.915	3.723
249.97	-4.943	3.732
250.47	-4.971	3.741
250.98	-5	3.751
251.49	-5.029	3.759
252	-5.056	3.772
252.51	-5.085	3.785
253.03	-5.113	3.797
253.55	-5.143	3.808
254.07	-5.173	3.819
254.59	-5.203	3.83
255.11	-5.234	3.839
255.64	-5.265	3.849
256.17	-5.297	3.858
256.7	-5.329	3.867
257.23	-5.362	3.875
257.76	-5.395	3.883
258.3	-5.428	3.891
258.84	-5.462	3.899
259.38	-5.496	3.907
259.92	-5.53	3.915
260.47	-5.565	3.923
261.02	-5.6	3.931
261.57	-5.636	3.938
262.12	-5.672	3.946
262.68	-5.708	3.955
263.24	-5.744	3.963
263.8	-5.781	3.971
264.36	-5.818	3.98
264.92	-5.855	3.989
265.49	-5.892	3.999
266.06	-5.93	4.008
266.63	-5.968	4.019
267.21	-6.006	4.029
267.78	-6.044	4.04
268.36	-6.083	4.051
268.95	-6.122	4.063
269.53	-6.161	4.076
270.12	-6.2	4.089
270.71	-6.24	4.102
271.3	-6.279	4.116
271.9	-6.319	4.131
272.49	-6.359	4.146
273.09	-6.4	4.162
273.7	-6.44	4.178
274.3	-6.481	4.195
274.91	-6.522	4.212
275.52	-6.563	4.23
276.13	-6.604	4.249
276.75	-6.645	4.268
277.37	-6.687	4.288
277.99	-6.729	4.309
278.62	-6.771	4.33
279.24	-6.813	4.352
279.87	-6.856	4.374
280.51	-6.898	4.396
281.14	-6.941	4.42
281.78	-6.985	4.443
282.42	-7.028	4.467
283.07	-7.072	4.492
283.72	-7.116	4.517
284.37	-7.16	4.542
285.02	-7.205	4.568
285.68	-7.25	4.593
286.34	-7.295	4.619
287	-7.34	4.645
287.67	-7.386	4.672
288.34	-7.432	4.698
289.01	-7.479	4.724
289.68	-7.526	4.75
290.36	-7.573	4.776
291.04	-7.621	4.802
291.73	-7.67	4.827
292.42	-7.719	4.852
293.11	-7.768	4.876
293.8	-7.818	4.9
294.5	-7.868	4.923
295.2	-7.919	4.946
295.9	-7.971	4.967
296.61	-8.023	4.987
297.32	-8.076	5.006
298.04	-8.13	5.024
298.76	-8.185	5.04
299.48	-8.24	5.055
300.2	-8.296	5.068
300.93	-8.353	5.08
301.66	-8.41	5.089
302.4	-8.469	5.096
303.14	-8.529	5.101
303.88	-8.582	5.128
304.63	-8.637	5.154
305.38	-8.691	5.181
306.13	-8.746	5.208
306.89	-8.801	5.236
307.65	-8.856	5.264
308.42	-8.911	5.292
309.19	-8.966	5.321
309.96	-9.022	5.351
310.74	-9.078	5.381
311.52	-9.134	5.411
312.3	-9.199	5.445
313.09	-9.257	5.477
313.88	-9.315	5.509
314.68	-9.375	5.542
315.48	-9.435	5.576
316.29	-9.495	5.61
317.1	-9.557	5.646
317.91	-9.62	5.682
318.73	-9.683	5.718
319.55	-9.747	5.755
320.37	-9.812	5.793
321.2	-9.878	5.832
322.04	-9.945	5.871
322.88	-10.012	5.912
323.72	-10.081	5.952
324.57	-10.15	5.994
325.42	-10.22	6.036
326.27	-10.291	6.08
327.14	-10.362	6.123
328	-10.435	6.168
328.87	-10.508	6.213
329.75	-10.582	6.26
330.62	-10.656	6.306
331.51	-10.732	6.354
332.4	-10.808	6.403
333.29	-10.885	6.452
334.19	-10.962	6.502
335.09	-11.041	6.552
336	-11.12	6.604
336.91	-11.199	6.656
337.83	-11.279	6.709
338.75	-11.36	6.763
339.68	-11.441	6.818
340.62	-11.523	6.874
341.55	-11.606	6.93
342.5	-11.689	6.987
343.45	-11.772	7.045
344.4	-11.856	7.103
345.36	-11.94	7.163
346.32	-12.025	7.223
347.29	-12.11	7.284
348.27	-12.195	7.345
349.25	-12.28	7.408
350.24	-12.366	7.471
351.23	-12.452	7.535
352.23	-12.539	7.6
353.23	-12.625	7.666
354.24	-12.711	7.732
355.26	-12.798	7.799
356.28	-12.885	7.867
357.3	-12.971	7.936
358.34	-13.058	8.005
359.37	-13.145	8.076
360.42	-13.224	8.173
361.47	-13.305	8.262
362.53	-13.387	8.35
363.59	-13.468	8.439
364.66	-13.549	8.528
365.74	-13.63	8.618
366.82	-13.711	8.709
367.91	-13.791	8.801
369	-13.871	8.893
370.1	-13.949	8.987
371.21	-14.028	9.083
372.32	-14.105	9.18
373.45	-14.182	9.278
374.57	-14.257	9.378
375.71	-14.332	9.48
376.85	-14.406	9.583
378	-14.478	9.688
379.16	-14.55	9.795
380.32	-14.62	9.903
381.49	-14.689	10.013
382.67	-14.757	10.125
383.85	-14.824	10.238
385.04	-14.889	10.353
386.24	-14.953	10.469
387.45	-15.016	10.587
388.67	-15.077	10.706
389.89	-15.138	10.826
391.12	-15.196	10.948
392.36	-15.254	11.07
393.6	-15.31	11.194
394.85	-15.364	11.318
396.12	-15.418	11.443
397.39	-15.469	11.569
398.66	-15.52	11.695
399.95	-15.569	11.822
401.24	-15.617	11.949
402.55	-15.664	12.077
403.86	-15.71	12.204
405.18	-15.754	12.332
406.51	-15.797	12.459
407.84	-15.839	12.586
409.19	-15.88	12.712
410.54	-15.919	12.839
411.91	-15.958	12.964
413.28	-15.996	13.089
414.66	-16.032	13.213
416.05	-16.068001	13.336
417.46	-16.103001	13.458
418.87	-16.136999	13.579
420.29	-16.171	13.699
421.71	-16.204	13.817
423.15	-16.236	13.934
424.6	-16.267	14.05
426.06	-16.298	14.164
427.53	-16.329	14.276
429.01	-16.358999	14.387
430.5	-16.389	14.496
432	-16.419001	14.603
433.51	-16.448	14.709
435.03	-16.476999	14.813
436.56	-16.507	14.914
438.11	-16.535999	15.014
439.66	-16.565001	15.112
441.22	-16.594999	15.208
442.8	-16.625	15.302
444.39	-16.655001	15.394
445.99	-16.684999	15.484
447.6	-16.716	15.572
449.22	-16.747999	15.659
450.85	-16.780001	15.743
452.5	-16.813	15.826
454.15	-16.846001	15.906
455.82	-16.881001	15.986
457.51	-16.916	16.063
459.2	-16.952999	16.139
460.91	-16.990999	16.212999
462.63	-17.030001	16.285
464.36	-17.07	16.357
466.11	-17.111	16.427
467.86	-17.155001	16.496
469.64	-17.198999	16.563
471.42	-17.246	16.629999
473.22	-17.294001	16.695
475.04	-17.344999	16.76
476.86	-17.396999	16.823999
478.7	-17.451	16.888
480.56	-17.507999	16.951
482.43	-17.566999	17.014
484.31	-17.629	17.077
486.21	-17.693001	17.139999
488.13	-17.76	17.202999
490.06	-17.83	17.266001
492	-17.903	17.329
493.96	-17.98	17.393999
495.94	-18.059	17.458
497.93	-18.143	17.524
499.94	-18.23	17.591
501.96	-18.32	17.66
504	-18.415001	17.729
506.06	-18.514	17.801001
508.13	-18.618	17.874001
510.22	-18.726	17.948999
512.33	-18.839001	18.025999
514.46	-18.957001	18.106001
516.6	-19.08	18.188
518.76	-19.209	18.273001
520.94	-19.344	18.360001
523.14	-19.485001	18.451
525.36	-19.632	18.546
527.59	-19.785999	18.643
529.85	-19.947001	18.745001
532.12	-20.114	18.85
534.41	-20.290001	18.959999
536.73	-20.473	19.073999
539.06	-20.665001	19.191999
541.42	-20.865	19.315001
543.79	-21.073999	19.443001
546.19	-21.195	19.539
548.6	-21.299999	19.629
551.04	-21.410999	19.724001
553.5	-21.527	19.822001
555.98	-21.648001	19.924
558.49	-21.775	20.031
561.01	-21.907	20.141001
563.56	-22.044001	20.254999
566.14	-22.186001	20.372999
568.73	-22.333	20.495001
571.36	-22.485001	20.621
574	-22.642	20.750999
576.67	-22.804001	20.884001
579.37	-22.971001	21.021999
582.09	-23.143	21.163
584.83	-23.319	21.308001
587.6	-23.5	21.455999
590.4	-23.684999	21.608999
593.23	-23.875	21.764
596.08	-24.07	21.924
598.96	-24.268999	22.086
601.87	-24.472	22.252001
604.8	-24.68	22.421
607.77	-24.893	22.593
610.76	-25.110001	22.768
613.78	-25.330999	22.945999
616.84	-25.556999	23.127001
619.92	-25.787001	23.309999
623.04	-26.021999	23.495001
626.18	-26.261	23.683001
629.36	-26.504999	23.872999
632.57	-26.753	24.065001
635.82	-26.995001	24.285
639.09	-27.253	24.478001
642.41	-27.513	24.677
645.75	-27.777	24.879999
649.13	-28.044001	25.089001
652.55	-28.313	25.304001
656	-28.586	25.523001
659.49	-28.861	25.747999
663.02	-29.139	25.978001
666.58	-29.419001	26.212999
670.18	-29.702	26.454
673.83	-29.988001	26.700001
677.51	-30.275999	26.951
681.23	-30.566999	27.208
685	-30.860001	27.469999
688.8	-31.155001	27.738001
692.65	-31.452999	28.011
696.54	-31.753	28.290001
700.48	-32.054001	28.575001
704.46	-32.358002	28.865999
708.48	-32.664001	29.163
712.55	-32.971001	29.466
716.67	-33.279999	29.775
720.84	-33.591	30.091
725.05	-33.903999	30.412001
729.32	-34.217999	30.740999
733.63	-34.533001	31.076
738	-34.849998	31.417
742.42	-35.167999	31.766001
746.89	-35.487	32.120998
751.42	-35.806999	32.483002
756	-36.127998	32.853001
760.64	-36.450001	33.229
765.33	-36.772999	33.612999
770.09	-37.097	34.005001
774.9	-37.422001	34.403999
779.77	-37.747002	34.810001
784.71	-38.073002	35.223999
789.71	-38.398998	35.645
794.77	-38.726002	36.074001
799.9	-39.053001	36.511002
805.09	-39.380001	36.956001
810.35	-39.708	37.408001
815.69	-40.035999	37.868
821.09	-40.365002	38.335999
826.56	-40.693001	38.812
832.11	-41.021999	39.294998
837.73	-41.352001	39.785999
843.43	-41.681	40.284
849.21	-42.011002	40.790001
855.06	-42.34	41.304001
861	-42.671001	41.824001
867.02	-43.000999	42.352001
873.13	-43.332001	42.886002
879.32	-43.664001	43.426998
885.6	-43.995998	43.974998
891.97	-44.327999	44.528999
898.44	-44.661999	45.089001
904.99	-44.995998	45.653999
911.65	-45.331001	46.224998
918.4	-45.667999	46.799999
925.26	-46.006001	47.381001
932.21	-46.345001	47.965
939.27	-46.686001	48.553001
946.44	-47.029999	49.144001
953.72	-47.375	49.737999
961.12	-47.723999	50.334
968.63	-48.075001	50.931
976.25	-48.429001	51.528999
984	-48.786999	52.127998
991.87	-49.147999	52.724998
999.87	-49.514	53.320999
1008	-49.884998	53.915001
1016.26	-50.261002	54.506001
1024.66	-50.643002	55.092999
1033.2	-51.030998	55.674
1041.88	-51.425999	56.25
1050.71	-51.827999	56.819
1059.69	-52.237999	57.379002
1068.83	-52.655998	57.929001
1078.12	-53.084	58.469002
1087.58	-53.521	58.997002
1097.21	-53.969002	59.511002
1107	-54.429001	60.011002
1116.97	-54.900002	60.493999
1127.13	-55.383999	60.959
1137.47	-55.882	61.403999
1148	-56.395	61.827999
1158.73	-56.923	62.228001
1169.66	-57.466999	62.604
1180.8	-58.028	62.952
1192.16	-58.606998	63.271
1203.73	-59.205002	63.560001
1215.53	-59.823002	63.813999
1227.57	-60.460999	64.032997
1239.84	-61.120998	64.213997
